0
1.49955
3.0003
4.50231
6.00543
7.50987
9.01546
10.5223
12.0301
13.5393
15.0498
16.5614
18.0742
19.5882
21.1034
22.6196
24.1372
25.656
27.1759
28.6971
30.2198
31.743
33.2681
34.7938
36.3213
37.8492
39.3792
40.9095
42.4418
43.9745
45.5088
47.0448
48.581
50.1194
51.6579
53.1981
54.7396
56.2828
57.826
59.371
60.9178
62.4651
64.013
65.5628
67.1143
68.6664
70.219
71.7735
73.3298
74.8867
76.4439
78.0031
79.5642
81.1257
82.6876
84.2515
85.8174
87.3837
88.9502
90.5188
92.0885
93.6604
95.2325
96.8048
98.3792
99.9558
101.533
103.11
104.689
106.27
107.85
109.433
111.017
112.603
114.189
115.776
117.364
118.954
120.544
122.136
123.73
125.325
126.92
128.517
130.113
131.713
133.312
134.913
136.517
138.119
139.725
141.33
142.937
144.546
146.154
147.766
149.378
150.989
152.605
154.218
155.834
157.453
159.07
160.692
162.312
163.933
165.558
167.18
168.806
170.434
172.06
173.69
175.32
176.95
178.584
180.216
181.85
183.488
185.123
186.763
188.4
190.04
191.683
193.324
194.97
196.615
198.259
199.908
201.554
203.203
204.856
206.505
208.16
209.814
211.467
213.125
214.781
216.439
218.101
219.759
221.421
223.086
224.748
226.416
228.08
229.749
231.418
233.085
234.759
236.428
238.104
239.775
241.451
243.13
244.807
246.486
248.163
249.844
251.526
253.212
254.896
256.579
258.268
259.953
261.644
263.334
265.025
266.715
268.408
270.105
271.8
273.497
275.192
276.891
278.59
280.294
281.996
283.697
285.401
287.106
288.816
290.523
292.229
293.939
295.65
297.365
299.078
300.792
302.505
304.221
305.942
307.66
309.38
311.098
312.82
314.543
316.27
317.995
319.719
321.446
323.174
324.907
326.638
328.37
330.099
331.833
333.572
335.308
337.045
338.78
340.52
342.264
344.005
345.748
347.488
349.233
350.979
352.73
354.478
356.224
357.974
359.725
361.481
363.235
364.989
366.742
368.498
370.26
372.019
373.779
375.536
377.299
379.062
380.83
382.595
384.358
386.126
387.894
389.668
391.439
393.207
394.98
396.754
398.533
400.309
402.086
403.86
405.64
407.424
409.206
410.988
412.768
414.553
416.338
418.129
419.917
421.702
423.492
425.283
427.079
428.873
430.667
432.458
434.254
436.056
437.855
439.654
441.451
443.252
445.055
446.863
448.668
450.47
452.277
454.085
455.898
457.708
459.515
461.327
463.145
464.955
466.775
468.591
470.404
472.223
474.047
475.867
477.689
479.507
481.331
483.16
484.986
486.813
488.636
490.465
492.295
494.131
495.963
497.792
499.631
501.466
503.297
505.135
506.978
508.812
510.653
512.499
514.342
516.185
518.025
519.876
521.722
523.565
525.413
527.263
529.114
530.966
532.824
534.678
536.533
538.388
540.245
542.098
543.957
545.822
547.678
549.54
551.409
553.273
555.138
557.004
558.871
560.74
562.603
564.474
566.345
568.217
570.091
571.97
573.846
575.722
577.6
579.478
581.352
583.232
585.114
586.996
588.88
590.764
592.655
594.542
596.43
598.318
600.208
602.093
603.984
605.877
607.77
609.665
611.566
613.463
615.361
617.259
619.159
621.054
622.955
624.858
626.762
628.666
630.572
632.485
634.392
636.301
638.211
640.121
642.027
643.94
645.853
647.768
649.684
651.606
653.524
655.443
657.362
659.283
661.198
663.121
665.045
666.969
668.895
670.821
672.755
674.684
676.614
678.544
680.476
682.402
684.335
686.27
688.205
690.142
692.086
694.024
695.964
697.904
699.845
701.788
703.724
705.669
707.614
709.56
711.508
713.463
715.412
717.362
719.313
721.266
723.212
725.166
727.121
729.077
731.034
732.999
734.958
736.918
738.879
740.841
742.804
744.761
746.725
748.691
750.658
752.626
754.602
756.571
758.542
760.513
762.486
764.452
766.427
768.402
770.379
772.356
774.342
776.321
778.301
780.283
782.265
784.248
786.225
788.21
790.196
792.183
794.171
796.167
798.157
800.148
802.14
804.132
806.118
808.113
810.108
812.105
814.103
816.101
818.108
820.108
822.11
824.112
826.115
828.112
830.117
832.123
834.13
836.138
838.154
840.164
842.175
844.187
846.199
848.205
850.219
852.235
854.251
856.269
858.287
860.314
862.335
864.356
866.378
868.401
870.416
872.441
874.467
876.494
878.522
880.558
882.588
884.619
886.65
888.682
890.707
892.741
894.777
896.813
898.85
900.888
902.935
904.975
907.016
909.057
911.1
913.135
915.179
917.224
919.271
921.318
923.375
925.424
927.474
929.525
931.577
933.629
935.674
937.729
939.784
941.841
943.907
945.965
948.024
950.084
952.145
954.207
956.261
958.325
960.39
962.455
964.522
966.589
968.667
970.736
972.806
974.877
976.949
979.013
981.087
983.161
985.237
987.313
989.391
991.478
993.558
995.638
997.719
999.792
1001.87
1003.96
1006.04
1008.14
1010.22
1012.3
1014.4
1016.49
1018.58
1020.67
1022.75
1024.85
1026.94
1029.03
1031.14
1033.24
1035.32
1037.43
1039.53
1041.63
1043.72
1045.82
1047.93
1050.03
1052.13
1054.25
1056.35
1058.46
1060.57
1062.68
1064.79
1066.89
1069
1071.11
1073.24
1075.34
1077.46
1079.58
1081.7
1083.82
1085.93
1088.04
1090.16
1092.3
1094.41
1096.54
1098.65
1100.78
1102.92
1105.03
1107.17
1109.3
1111.42
1113.55
1115.69
1117.81
1119.95
1122.09
1124.21
1126.36
1128.48
1130.63
1132.76
1134.9
1137.04
1139.19
1141.32
1143.47
1145.61
1147.75
1149.9
1152.04
1154.2
1156.33
1158.49
1160.63
1162.79
1164.93
1167.08
1169.25
1171.39
1173.55
1175.71
1177.87
1180.01
1182.18
1184.33
1186.5
1188.65
1190.81
1192.98
1195.14
1197.31
1199.48
1201.63
1203.8
1205.97
1208.13
1210.31
1212.48
1214.64
1216.82
1218.99
1221.17
1223.34
1225.52
1227.68
1229.87
1232.04
1234.23
1236.41
1238.58
1240.77
1242.94
1245.13
1247.31
1249.5
1251.67
1253.87
1256.05
1258.24
1260.44
1262.61
1264.82
1267
1269.2
1271.38
1273.59
1275.77
1277.98
1280.16
1282.36
1284.57
1286.75
1288.96
1291.15
1293.35
1295.56
1297.77
1299.96
1302.18
1304.37
1306.58
1308.8
1310.99
1313.21
1315.42
1317.63
1319.83
1322.06
1324.26
1326.48
1328.7
1330.9
1333.13
1335.34
1337.57
1339.77
1342
1344.21
1346.45
1348.66
1350.89
1353.11
1355.33
1357.56
1359.78
1362.02
1364.23
1366.47
1368.69
1370.93
1373.15
1375.38
1377.63
1379.85
1382.1
1384.32
1386.56
1388.79
1391.04
1393.27
1395.52
1397.75
1399.99
1402.24
1404.47
1406.73
1408.96
1411.22
1413.45
1415.71
1417.94
1420.2
1422.45
1424.69
1426.95
1429.19
1431.46
1433.7
1435.96
1438.21
1440.47
1442.72
1444.99
1447.25
1449.49
1451.76
1454.01
1456.29
1458.53
1460.81
1463.06
1465.34
1467.59
1469.86
1472.14
1474.39
1476.67
1478.93
1481.21
1483.47
1485.75
1488.01
1490.3
1492.56
1494.83
1497.12
1499.38
1501.67
1503.94
1506.23
1508.5
1510.79
1513.06
1515.35
1517.64
1519.91
1522.2
1524.47
1526.77
1529.05
1531.35
1533.62
1535.92
1538.2
1540.5
1542.8
1545.07
1547.38
1549.66
1551.97
1554.25
1556.56
1558.84
1561.15
1563.44
1565.75
1568.05
1570.34
1572.65
1574.94
1577.26
1579.55
1581.87
1584.16
1586.48
1588.77
1591.08
1593.4
1595.7
1598.02
1600.32
1602.64
1604.94
1607.27
1609.57
1611.9
1614.2
1616.51
1618.84
1621.15
1623.48
1625.78
1628.12
1630.43
1632.76
1635.07
1637.41
1639.73
1642.04
1644.38
1646.69
1649.03
1651.35
1653.69
1656
1658.35
1660.66
1663.01
1665.34
1667.66
1670.01
1672.33
1674.68
1677
1679.35
1681.67
1684.03
1686.35
1688.69
1691.05
1693.37
1695.73
1698.06
1700.42
1702.75
1705.11
1707.44
1709.8
1712.13
1714.48
1716.84
1719.18
1721.54
1723.88
1726.25
1728.58
1730.95
1733.29
1735.66
1738.02
1740.36
1742.73
1745.07
1747.45
1749.79
1752.16
1754.51
1756.89
1759.23
1761.61
1763.98
1766.32
1768.71
1771.06
1773.44
1775.79
1778.17
1780.53
1782.91
1785.27
1787.64
1790.03
1792.38
1794.77
1797.13
1799.52
1801.88
1804.27
1806.63
1809.03
1811.39
1813.77
1816.17
1818.53
1820.93
1823.29
1825.69
1828.06
1830.46
1832.83
1835.23
1837.6
1839.99
1842.39
1844.77
1847.17
1849.55
1851.95
1854.33
1856.74
1859.11
1861.52
1863.92
1866.3
1868.71
1871.09
1873.5
1875.89
1878.3
1880.68
1883.1
1885.49
1887.9
1890.31
1892.69
1895.11
1897.5
1899.92
1902.31
1904.74
1907.13
1909.55
1911.95
1914.36
1916.78
1919.18
1921.61
1924
1926.43
1928.83
1931.26
1933.66
1936.09
1938.49
1940.91
1943.34
1945.75
1948.18
1950.59
1953.02
1955.43
1957.87
1960.27
1962.72
1965.14
1967.55
1969.99
1972.4
1974.85
1977.26
1979.7
1982.12
1984.56
1986.98
1989.43
1991.86
1994.27
1996.73
1999.14
2001.59
2004.01
2006.47
2008.89
2011.34
2013.76
2016.2
2018.66
2021.08
2023.54
2025.97
2028.43
2030.85
2033.32
2035.74
2038.21
2040.64
2043.08
2045.55
2047.98
2050.45
2052.88
2055.35
2057.78
2060.25
2062.68
2065.15
2067.61
2070.05
2072.52
2074.96
2077.43
2079.87
2082.35
2084.79
2087.27
2089.71
2092.19
2094.65
2097.09
2099.57
2102.02
2104.5
2106.95
2109.43
2111.88
2114.37
2116.81
2119.3
2121.77
2124.22
2126.71
2129.16
2131.65
2134.11
2136.6
2139.05
2141.55
2144.02
2146.48
2148.97
2151.43
2153.93
2156.39
2158.89
2161.35
2163.85
2166.31
2168.81
2171.29
2173.76
2176.26
2178.73
2181.23
2183.7
2186.2
2188.67
2191.18
2193.65
2196.16
2198.63
2201.12
2203.63
2206.1
2208.61
2211.09
2213.6
2216.08
2218.59
2221.07
2223.58
2226.06
2228.56
2231.08
2233.56
2236.08
2238.56
2241.08
2243.56
2246.08
2248.57
2251.07
2253.58
2256.08
2258.61
2261.09
2263.62
2266.11
2268.64
2271.13
2273.66
2276.15
2278.66
2281.17
2283.68
2286.21
2288.71
2291.22
2293.74
2296.27
2298.79
2301.31
2303.83
2306.32
2308.84
2311.36
2313.9
2316.42
2318.95
2321.45
2323.99
2326.51
2329.04
2331.56
2334.07
2336.59
2339.12
2341.67
2344.18
2346.73
2349.24
2351.79
2354.32
2356.85
2359.38
2361.89
2364.43
2366.96
2369.51
2372.03
2374.59
2377.1
2379.66
2382.2
2384.71
2387.27
2389.79
2392.33
2394.87
2397.44
2399.96
2402.52
2405.04
2407.61
2410.15
2412.68
2415.25
2417.77
2420.32
2422.87
2425.44
2427.99
2430.54
2433.07
2435.64
2438.17
2440.72
2443.29
2445.83
2448.4
2450.94
2453.51
2456.07
2458.63
2461.16
2463.74
2466.28
2468.84
2471.42
2473.98
2476.54
2479.08
2481.67
2484.23
2486.79
2489.34
2491.9
2494.47
2497.03
2499.62
2502.19
2504.76
2507.3
2509.9
2512.47
2515.04
2517.59
2520.16
2522.73
2525.3
2527.9
2530.47
2533.03
2535.6
2538.2
2540.78
2543.35
2545.93
2548.49
2551.07
2553.65
2556.25
2558.83
2561.39
2563.97
2566.58
2569.16
2571.75
2574.33
2576.89
2579.48
2582.07
2584.68
2587.26
2589.83
2592.42
2595.03
2597.62
2600.19
2602.8
2605.37
2607.97
2610.56
2613.18
2615.77
2618.34
2620.94
2623.56
2626.16
2628.73
2631.35
2633.95
2636.53
2639.13
2641.75
2644.35
2646.93
2649.53
2652.16
2654.76
2657.34
2659.97
2662.58
2665.16
2667.77
2670.4
2673
2675.59
2678.2
2680.83
2683.42
2686.03
2688.66
2691.28
2693.87
2696.48
2699.12
2701.73
2704.32
2706.94
2709.58
2712.17
2714.79
2717.43
2720.05
2722.65
2725.27
2727.91
2730.53
2733.15
2735.75
2738.37
2741
2743.62
2746.27
2748.89
2751.5
2754.12
2756.77
2759.4
2762.03
2764.63
2767.26
2769.89
2772.52
2775.18
2777.81
2780.42
2783.05
2785.71
2788.34
2790.98
2793.61
2796.22
2798.86
2801.5
2804.16
2806.79
2809.41
2812.05
2814.71
2817.35
2819.99
2822.64
2825.28
2827.9
2830.54
2833.21
2835.85
2838.47
2841.12
2843.79
2846.44
2849.06
2851.73
2854.38
2857
2859.65
2862.33
2864.98
2867.61
2870.26
2872.93
2875.59
2878.22
2880.9
2883.55
2886.18
2888.84
2891.52
2894.18
2896.81
2899.47
2902.15
2904.81
2907.44
2910.13
2912.79
2915.43
2918.09
2920.78
2923.44
2926.08
2928.74
2931.43
2934.08
2936.74
2939.43
2942.1
2944.74
2947.41
2950.11
2952.78
2955.42
2958.09
2960.79
2963.43
2966.11
2968.8
2971.48
2974.13
2976.8
2979.5
2982.18
2984.83
2987.51
2990.18
2992.86
2995.54
2998.24
3000.92
3003.58
3006.26
3008.97
3011.65
3014.31
3016.99
3019.67
3022.36
3025.04
3027.75
3030.44
3033.1
3035.79
3038.5
3041.19
3043.87
3046.56
3049.25
3051.92
3054.61
3057.33
3060.02
3062.69
3065.38
3068.1
3070.79
3073.49
3076.18
3078.88
3081.55
3084.24
3086.97
3089.67
3092.34
3095.04
3097.76
3100.46
3103.14
3105.86
3108.57
3111.24
3113.95
3116.68
3119.38
3122.06
3124.76
3127.49
3130.2
3132.88
3135.61
3138.32
3141
3143.71
3146.45
3149.16
3151.84
3154.55
3157.29
3159.98
3162.69
3165.43
3168.14
3170.83
3173.55
3176.29
3179
3181.69
3184.41
3187.15
3189.85
3192.57
3195.31
3198.03
3200.72
3203.45
3206.19
3208.91
3211.61
3214.33
3217.08
3219.78
3222.5
3225.26
3227.98
3230.68
3233.41
3236.16
3238.89
3241.59
3244.32
3247.08
3249.78
3252.51
3255.27
3258
3260.7
3263.44
3266.2
3268.93
3271.64
3274.37
3277.13
3279.84
3282.58
3285.34
3288.08
3290.79
3293.53
3296.29
3299.03
3301.74
3304.51
3307.25
3309.97
3312.71
3315.48
3318.22
3320.94
3323.68
3326.45
3329.2
3331.92
3334.69
3337.44
3340.16
3342.9
3345.68
3348.43
3351.15
3353.9
3356.68
3359.43
3362.15
3364.93
3367.68
3370.41
3373.16
3375.94
3378.7
3381.43
3384.18
3386.96
3389.72
3392.45
3395.23
3397.99
3400.72
3403.48
3406.27
3409.03
3411.76
3414.52
3417.31
3420.05
3422.81
3425.6
3428.36
3431.1
3433.87
3436.66
3439.42
3442.16
3444.93
3447.72
3450.46
3453.23
3456.03
3458.8
3461.54
3464.31
3467.11
3469.88
3472.62
3475.4
3478.2
3480.94
3483.72
3486.52
3489.29
3492.04
3494.82
3497.62
3500.4
3503.15
3505.92
3508.73
3511.48
3514.26
3517.07
3519.85
3522.6
3525.38
3528.19
3530.98
3533.73
3536.51
3539.33
3542.08
3544.87
3547.68
3550.47
3553.22
3556.01
3558.83
3561.61
3564.37
3567.19
3569.98
3572.74
3575.53
3578.35
3581.14
3583.91
3586.7
3589.52
3592.31
3595.08
3597.9
3600.7
3603.46
3606.26
3609.08
3611.88
3614.65
3617.45
3620.27
3623.07
3625.84
3628.67
3631.47
3634.24
3637.04
3639.87
3642.68
3645.45
3648.25
3651.09
3653.89
3656.67
3659.5
3662.31
3665.08
3667.89
3670.72
3673.53
3676.31
3679.12
3681.96
3684.74
3687.55
3690.39
3693.2
3695.98
3698.79
3701.63
3704.45
3707.23
3710.04
3712.89
3715.67
3718.49
3721.33
3724.15
3726.94
3729.75
3732.6
3735.42
3738.21
3741.03
3743.88
3746.67
3749.49
3752.34
3755.16
3757.95
3760.78
3763.63
3766.45
3769.25
3772.07
3774.92
3777.72
3780.55
3783.4
3786.23
3789.03
3791.85
3794.71
3797.54
3800.34
3803.17
3806.03
3808.83
3811.66
3814.52
3817.35
3820.16
3822.99
3825.85
3828.69
3831.49
3834.36
3837.19
3840
3842.83
3845.7
3848.54
3851.34
3854.18
3857.05
3859.89
3862.7
3865.57
3868.41
3871.22
3874.06
3876.94
3879.78
3882.59
3885.43
3888.31
3891.15
3893.97
3896.84
3899.69
3902.5
3905.35
3908.23
3911.07
3913.89
3916.74
3919.62
3922.47
3925.29
3928.17
3931.02
3933.84
3936.69
3939.57
3942.43
3945.25
3948.1
3950.99
3953.81
3956.66
3959.55
3962.41
3965.23
3968.09
3970.98
3973.83
3976.66
3979.52
3982.41
3985.24
3988.1
3990.99
3993.85
3996.68
3999.54
4002.44
4005.3
4008.13
4010.99
4013.89
4016.72
4019.59
4022.48
4025.35
4028.18
4031.05
4033.95
4036.82
4039.65
4042.52
4045.42
4048.26
4051.13
4054.03
4056.9
4059.74
4062.62
4065.52
4068.39
4071.23
4074.14
4077.01
4079.86
4082.73
4085.64
4088.51
4091.36
4094.23
4097.14
4100.02
4102.87
4105.78
4108.66
4111.5
4114.38
4117.3
4120.18
4123.03
4125.91
4128.82
4131.7
4134.55
4137.47
4140.35
4143.21
4146.09
4149.01
4151.89
4154.75
4157.63
4160.55
4163.44
4166.3
4169.22
4172.1
4174.96
4177.85
4180.77
4183.66
4186.52
4189.41
4192.34
4195.23
4198.09
4201.02
4203.91
4206.77
4209.67
4212.59
4215.49
4218.35
4221.25
4224.18
4227.04
4229.94
4232.87
4235.77
4238.63
4241.53
4244.47
4247.37
4250.23
4253.13
4256.07
4258.94
4261.84
4264.78
4267.68
4270.55
4273.45
4276.39
4279.3
4282.17
4285.07
4288.01
4290.89
4293.79
4296.73
4299.64
4302.52
4305.43
4308.37
4311.28
4314.15
4317.06
4320.01
4322.89
4325.8
4328.74
4331.66
4334.54
4337.45
4340.4
4343.31
4346.19
4349.14
4352.06
4354.94
4357.86
4360.81
4363.72
4366.61
4369.53
4372.48
4375.4
4378.28
4381.24
4384.16
4387.05
4389.97
4392.92
4395.84
4398.73
4401.66
4404.61
4407.54
4410.43
4413.38
4416.31
4419.2
4422.13
4425.09
4428.01
4430.91
4433.83
4436.8
4439.73
4442.62
4445.58
4448.51
4451.41
4454.34
4457.3
4460.24
4463.13
4466.07
4469.03
4471.97
4474.86
4477.83
4480.77
4483.67
4486.6
4489.57
4492.51
4495.41
4498.35
4501.32
4504.22
4507.16
4510.13
4513.07
4515.98
4518.92
4521.89
4524.83
4527.74
4530.68
4533.65
4536.56
4539.5
4542.48
4545.43
4548.33
4551.28
4554.26
4557.2
4560.11
4563.06
4566.04
4568.95
4571.9
4574.88
4577.83
4580.74
4583.69
4586.68
4589.63
4592.54
4595.49
4598.48
4601.39
4604.35
4607.33
4610.28
4613.2
4616.16
4619.14
4622.1
4625.02
4628.01
4630.96
4633.88
4636.84
4639.83
4642.79
4645.71
4648.67
4651.66
4654.62
4657.54
4660.54
4663.5
4666.42
4669.38
4672.38
4675.34
4678.27
4681.23
4684.23
4687.19
4690.12
4693.12
4696.08
4699.01
4701.98
4704.98
4707.94
4710.87
4713.84
4716.84
4719.81
4722.74
4725.75
4728.71
4731.65
4734.62
4737.62
4740.59
4743.53
4746.5
4749.51
4752.48
4755.41
4758.42
4761.39
4764.33
4767.31
4770.32
4773.29
4776.23
4779.2
4782.22
4785.16
4788.13
4791.15
4794.12
4797.07
4800.04
4803.06
4806.04
4808.98
4811.96
4814.98
4817.92
4820.9
4823.92
4826.9
4829.85
4832.83
4835.85
4838.83
4841.78
4844.8
4847.78
4850.73
4853.72
4856.74
4859.72
4862.67
4865.66
4868.68
4871.67
4874.62
4877.61
4880.64
4883.59
4886.58
4889.61
4892.6
4895.55
4898.54
4901.57
4904.56
4907.52
4910.51
4913.54
4916.5
4919.49
4922.52
4925.51
4928.47
4931.47
4934.5
4937.5
4940.46
4943.49
4946.49
4949.45
4952.45
4955.48
4958.48
4961.44
4964.44
4967.48
4970.48
4973.44
4976.44
4979.48
4982.45
4985.45
4988.49
4991.49
4994.46
4997.46
5000.5
5003.51
5006.47
5009.52
5012.52
5015.49
5018.5
5021.54
5024.55
5027.52
5030.53
5033.57
5036.54
5039.55
5042.56
5045.61
5048.58
5051.59
5054.64
5057.65
5060.63
5063.68
5066.69
5069.66
5072.68
5075.73
5078.74
5081.72
5084.73
5087.79
5090.8
5093.78
5096.8
5099.85
5102.83
5105.85
5108.9
5111.92
5114.9
5117.92
5120.98
5124
5126.98
5130.04
5133.06
5136.04
5139.06
5142.12
5145.15
5148.13
5151.15
5154.21
5157.24
5160.22
5163.25
5166.31
5169.3
5172.32
5175.39
5178.41
5181.4
5184.43
5187.5
5190.52
5193.51
5196.54
5199.61
5202.6
5205.63
5208.7
5211.73
5214.72
5217.79
5220.82
5223.85
5226.85
5229.92
5232.95
5235.95
5238.98
5242.05
5245.09
5248.08
5251.12
5254.19
5257.23
5260.22
5263.26
5266.34
5269.34
5272.37
5275.45
5278.49
5281.49
5284.57
5287.61
5290.65
5293.65
5296.73
5299.77
5302.77
5305.81
5308.89
5311.93
5314.94
5317.98
5321.06
5324.07
5327.11
5330.16
5333.24
5336.25
5339.29
5342.38
5345.42
5348.43
5351.52
5354.57
5357.57
5360.62
5363.71
5366.76
5369.77
5372.82
5375.91
5378.96
5381.97
5385.02
5388.11
5391.12
5394.18
5397.23
5400.32
5403.33
5406.39
5409.48
5412.54
5415.55
5418.65
5421.66
5424.72
5427.77
5430.87
5433.93
5436.94
5440.04
5443.1
5446.16
5449.17
5452.23
5455.33
5458.35
5461.41
5464.47
5467.57
5470.59
5473.66
5476.76
5479.82
5482.88
5485.9
5489.01
5492.03
5495.09
5498.2
5501.26
5504.29
5507.39
5510.46
5513.52
5516.55
5519.66
5522.72
5525.75
5528.86
5531.89
5535
5538.02
5541.09
5544.2
5547.27
5550.3
5553.37
5556.48
5559.52
5562.59
5565.7
5568.77
5571.8
5574.92
5577.99
5581.06
5584.1
5587.21
5590.29
5593.32
5596.44
5599.47
5602.59
5605.62
5608.7
5611.82
5614.85
5617.93
5621.01
5624.13
5627.17
5630.25
5633.37
5636.45
5639.49
5642.61
5645.69
5648.73
5651.81
5654.93
5658.01
5661.06
5664.18
5667.22
5670.35
5673.39
5676.47
5679.6
5682.64
5685.73
5688.81
5691.94
5694.99
5698.07
5701.2
5704.29
5707.38
5710.46
5713.51
5716.6
5719.69
5722.82
5725.91
5728.96
5732.09
5735.14
5738.27
5741.32
5744.41
5747.55
5750.6
5753.73
5756.78
5759.92
5762.97
5766.06
5769.2
5772.29
5775.39
5778.44
5781.54
5784.64
5787.73
5790.87
5793.97
5797.02
5800.16
5803.26
5806.36
5809.42
5812.56
5815.66
5818.71
5821.86
5824.92
5828.06
5831.12
5834.22
5837.36
5840.46
5843.52
5846.63
5849.73
5852.83
5855.94
5859.08
5862.19
5865.25
5868.4
5871.5
5874.61
5877.67
5880.82
5883.93
5886.99
5890.14
5893.21
5896.36
5899.42
5902.53
5905.68
5908.75
5911.86
5914.97
5918.08
5921.19
5924.3
5927.46
5930.57
5933.68
5936.79
5939.91
5942.98
5946.09
5949.25
5952.36
5955.43
5958.59
5961.66
5964.82
5967.89
5971.01
5974.17
5977.24
5980.4
5983.48
5986.64
5989.71
5992.83
5995.99
5999.11
6002.23
6005.35
6008.42
6011.54
6014.67
6017.83
6020.95
6024.03
6027.19
6030.27
6033.44
6036.52
6039.68
6042.81
6045.89
6049.05
6052.14
6055.3
6058.39
6061.51
6064.68
6067.81
6070.93
6074.02
6077.14
6080.27
6083.4
6086.57
6089.7
6092.82
6095.95
6099.04
6102.21
6105.3
6108.47
6111.6
6114.69
6117.86
6120.95
6124.13
6127.22
6130.35
6133.52
6136.66
6139.75
6142.88
6146.02
6149.15
6152.28
6155.46
6158.6
6161.73
6164.87
6167.96
6171.14
6174.24
6177.42
6180.55
6183.65
6186.83
6189.92
6193.11
6196.2
6199.34
6202.52
6205.62
6208.8
6211.9
6215.04
6218.18
6221.33
6224.51
6227.65
6230.8
6233.94
6237.04
6240.18
6243.32
6246.51
6249.66
6252.76
6255.95
6259.05
6262.24
6265.34
6268.49
6271.68
6274.78
6277.97
6281.07
6284.22
6287.37
6290.52
6293.71
6296.86
6300.01
6303.16
6306.26
6309.41
6312.57
6315.76
6318.91
6322.06
6325.21
6328.32
6331.52
6334.63
6337.83
6340.98
6344.09
6347.29
6350.4
6353.6
6356.71
6359.86
6363.06
6366.22
6369.37
6372.48
6375.64
6378.8
6381.96
6385.16
6388.32
6391.47
6394.63
6397.75
6400.95
6404.07
6407.27
6410.43
6413.55
6416.75
6419.87
6423.03
6426.19
6429.35
6432.56
6435.72
6438.89
6442
6445.17
6448.33
6451.49
6454.7
6457.87
6461.03
6464.2
6467.32
6470.53
6473.65
6476.86
6480.03
6483.15
6486.36
6489.49
6492.7
6495.82
6498.99
6502.21
6505.33
6508.54
6511.67
6514.84
6518.01
6521.18
6524.4
6527.57
6530.74
6533.91
6537.04
6540.21
6543.38
6546.6
6549.78
6552.95
6556.12
6559.25
6562.47
6565.6
6568.78
6572
6575.13
6578.35
6581.48
6584.66
6587.83
6591.01
6594.23
6597.41
6600.59
6603.77
6606.9
6610.08
6613.26
6616.49
6619.67
6622.85
6626.03
6629.16
6632.39
6635.52
6638.75
6641.93
6645.07
6648.3
6651.44
6654.62
6657.8
6660.99
6664.22
6667.4
6670.59
6673.73
6676.91
6680.1
6683.28
6686.51
6689.7
6692.89
6696.07
6699.22
6702.45
6705.59
6708.83
6712.01
6715.16
6718.39
6721.53
6724.72
6727.91
6731.1
6734.34
6737.53
6740.72
6743.87
6747.06
6750.25
6753.44
6756.68
6759.88
6763.07
6766.26
6769.41
6772.65
6775.8
6779.04
6782.23
6785.43
6788.63
6791.77
6794.97
6798.17
6801.36
6804.61
6807.76
6811
6814.15
6817.35
6820.55
6823.75
6826.99
6830.19
6833.39
6836.59
6839.75
6842.95
6846.15
6849.39
6852.6
6855.8
6859
6862.15
6865.4
6868.56
6871.76
6875.01
6878.17
6881.42
6884.58
6887.78
6890.99
6894.19
6897.44
6900.65
6903.85
6907.06
6910.22
6913.43
6916.63
6919.89
6923.09
6926.3
6929.51
6932.67
6935.93
6939.09
6942.35
6945.56
6948.72
6951.98
6955.14
6958.35
6961.56
6964.77
6968.03
6971.24
6974.45
6977.62
6980.83
6984.04
6987.26
6990.52
6993.73
6996.95
7000.16
7003.33
7006.59
7009.76
7013.02
7016.24
7019.45
7022.67
7025.84
7029.05
7032.27
7035.49
7038.75
7041.97
7045.19
7048.36
7051.58
7054.8
7058.02
7061.28
7064.5
7067.73
7070.95
7074.12
7077.34
7080.56
7083.83
7087.05
7090.27
7093.5
7096.67
7099.89
7103.12
7106.34
7109.61
7112.79
7116.06
7119.24
7122.46
7125.69
7128.91
7132.19
7135.41
7138.64
7141.87
7145.04
7148.27
7151.5
7154.77
7158
7161.23
7164.46
7167.64
7170.87
7174.1
7177.33
7180.61
7183.79
7187.07
7190.25
7193.48
7196.71
7199.94
7203.22
7206.45
7209.69
7212.92
7216.1
7219.34
7222.57
7225.85
7229.09
7232.32
7235.55
7238.74
7241.98
7245.21
7248.49
7251.73
7254.97
7258.2
7261.39
7264.63
7267.87
7271.1
7274.39
7277.63
7280.87
7284.06
7287.29
7290.53
7293.77
7297.06
7300.3
7303.54
7306.78
7309.97
7313.26
7316.46
7319.75
7322.99
7326.23
7329.47
7332.67
7335.91
7339.15
7342.39
7345.69
7348.93
7352.18
7355.37
7358.62
7361.86
7365.11
7368.4
7371.65
7374.89
7378.14
7381.34
7384.58
7387.83
7391.13
7394.37
7397.62
7400.87
7404.07
7407.32
7410.57
7413.82
7417.12
7420.32
7423.62
7426.82
7430.07
7433.32
7436.57
7439.87
7443.12
7446.37
7449.62
7452.83
7456.08
7459.33
7462.64
7465.89
7469.14
7472.4
7475.6
7478.86
7482.11
7485.37
7488.67
7491.93
7495.18
7498.39
7501.65
7504.9
7508.16
7511.47
7514.72
7517.98
7521.24
7524.45
7527.71
7530.97
7534.27
7537.53
7540.79
7544.05
7547.26
7550.52
7553.78
7557.09
7560.36
7563.62
7566.88
7570.09
7573.35
7576.61
7579.88
7583.19
7586.45
7589.72
7592.93
7596.19
7599.46
7602.72
7606.04
7609.3
7612.57
7615.83
7619.05
7622.32
7625.58
7628.9
7632.17
7635.43
7638.7
7641.92
7645.18
7648.45
7651.72
7655.04
7658.31
7661.58
7664.8
7668.07
7671.34
7674.61
7677.93
7681.2
7684.47
7687.74
7690.96
7694.23
7697.5
7700.83
7704.1
7707.37
7710.65
7713.87
7717.14
7720.42
7723.69
7727.01
7730.29
7733.56
7736.79
7740.06
7743.34
7746.61
7749.94
7753.22
7756.49
7759.77
7763
7766.27
7769.55
7772.88
7776.16
7779.44
7782.72
7785.94
7789.22
7792.5
7795.78
7799.11
7802.39
7805.67
7808.9
7812.18
7815.46
7818.75
7822.08
7825.36
7828.64
7831.92
7835.16
7838.44
7841.72
7845.06
7848.34
7851.62
7854.91
7858.14
7861.43
7864.71
7868.05
7871.33
7874.62
7877.9
7881.14
7884.42
7887.71
7891
7894.34
7897.62
7900.91
7904.15
7907.44
7910.72
7914.01
7917.35
7920.64
7923.93
7927.22
7930.46
7933.75
7937.04
7940.38
7943.67
7946.96
7950.26
7953.5
7956.79
7960.08
7963.37
7966.72
7970.01
7973.3
7976.54
7979.84
7983.13
7986.42
7989.77
7993.07
7996.36
7999.66
8002.9
8006.19
8009.49
8012.84
8016.13
8019.43
8022.73
8025.97
8029.27
8032.57
8035.87
8039.22
8042.51
8045.81
8049.06
8052.36
8055.66
8058.96
8062.31
8065.61
8068.91
8072.21
8075.46
8078.76
8082.06
8085.41
8088.71
8092.02
8095.32
8098.57
8101.87
8105.17
8108.48
8111.83
8115.14
8118.44
8121.69
8125
8128.3
8131.61
8134.96
8138.27
8141.57
8144.83
8148.13
8151.44
8154.75
8158.11
8161.41
8164.72
8168.03
8171.28
8174.59
8177.9
8181.26
8184.57
8187.88
8191.19
8194.44
8197.75
8201.06
8204.37
8207.74
8211.05
8214.36
8217.62
8220.93
8224.24
8227.55
8230.92
8234.23
8237.54
8240.85
8244.11
8247.43
8250.74
8254.11
8257.42
8260.73
8264.05
8267.31
8270.63
8273.94
8277.26
8280.62
8283.94
8287.26
8290.52
8293.84
8297.15
8300.47
8303.84
8307.16
8310.48
8313.79
8317.06
8320.38
8323.7
8327.07
8330.39
8333.71
8337.03
8340.29
8343.61
8346.93
8350.25
8353.63
8356.95
8360.27
8363.54
8366.86
8370.18
8373.51
8376.88
8380.2
8383.53
8386.85
8390.12
8393.44
8396.77
8400.15
8403.47
8406.79
8410.12
8413.39
8416.72
8420.04
8423.37
8426.75
8430.07
8433.4
8436.67
8440
8443.33
8446.65
8450.04
8453.36
8456.69
8459.97
8463.3
8466.62
8469.95
8473.34
8476.67
8480
8483.33
8486.6
8489.93
8493.26
8496.65
8499.98
8503.31
8506.64
8509.92
8513.25
8516.58
8519.92
8523.3
8526.64
8529.97
8533.25
8536.58
8539.92
8543.25
8546.64
8549.97
8553.31
8556.64
8559.92
8563.26
8566.6
8569.99
8573.32
8576.66
8580
8583.28
8586.62
8589.95
8593.29
8596.68
8600.02
8603.36
8606.64
8609.98
8613.32
8616.66
8620.05
8623.39
8626.73
8630.07
8633.36
8636.7
8640.04
8643.44
8646.78
8650.12
8653.46
8656.75
8660.09
8663.43
8666.77
8670.17
8673.52
8676.86
8680.15
8683.49
8686.84
8690.18
8693.58
8696.92
8700.27
8703.61
8706.9
8710.25
8713.6
8717
8720.34
8723.69
8727.04
8730.33
8733.67
8737.02
8740.37
8743.77
8747.12
8750.47
8753.76
8757.11
8760.46
8763.81
8767.21
8770.56
8773.91
8777.21
8780.56
8783.91
8787.26
8790.67
8794.02
8797.37
8800.72
8804.02
8807.37
8810.72
8814.13
8817.48
8820.83
8824.19
8827.49
8830.84
8834.19
8837.55
8840.96
8844.31
8847.67
8850.97
8854.32
8857.68
8861.03
8864.44
8867.8
8871.16
8874.51
8877.81
8881.17
8884.53
8887.94
8891.3
8894.66
8898.01
8901.32
8904.68
8908.03
8911.39
8914.81
8918.17
8921.53
8924.83
8928.19
8931.55
8934.91
8938.33
8941.69
8945.05
8948.41
8951.72
8955.08
8958.44
8961.86
8965.22
8968.59
8971.95
8975.26
8978.62
8981.98
8985.35
8988.77
8992.13
8995.5
8998.8
9002.17
9005.53
9008.9
9012.32
9015.69
9019.05
9022.42
9025.73
9029.1
9032.46
9035.89
9039.25
9042.62
9045.99
9049.3
9052.67
9056.04
9059.41
9062.83
9066.2
9069.57
9072.88
9076.25
9079.62
9082.99
9086.42
9089.79
9093.16
9096.47
9099.85
9103.22
9106.59
9110.02
9113.39
9116.76
9120.13
9123.45
9126.82
9130.2
9133.63
9137
9140.37
9143.75
9147.07
9150.44
9153.81
9157.19
9160.62
9164
9167.37
9170.69
9174.07
9177.44
9180.82
9184.25
9187.63
9191.01
9194.38
9197.7
9201.08
9204.46
9207.9
9211.27
9214.65
9218.03
9221.35
9224.73
9228.11
9231.49
9234.93
9238.31
9241.69
9245.01
9248.39
9251.77
9255.15
9258.59
9261.97
9265.36
9268.74
9272.06
9275.45
9278.83
9282.27
9285.65
9289.03
9292.42
9295.74
9299.13
9302.51
9305.9
9309.34
9312.72
9316.11
9319.43
9322.82
9326.21
9329.59
9333.03
9336.42
9339.81
9343.19
9346.52
9349.91
9353.3
9356.74
9360.13
9363.52
9366.91
9370.24
9373.63
9377.01
9380.4
9383.85
9387.24
9390.63
9393.96
9397.35
9400.74
9404.13
9407.58
9410.97
9414.36
9417.69
9421.09
9424.48
9427.87
9431.32
9434.71
9438.1
9441.5
9444.83
9448.22
9451.62
9455.07
9458.46
9461.86
9465.25
9468.59
9471.98
9475.38
9478.77
9482.22
9485.62
9489.02
9492.35
9495.75
9499.15
9502.54
9506
9509.39
9512.79
9516.19
9519.53
9522.92
9526.32
9529.78
9533.18
9536.58
9539.97
9543.31
9546.71
9550.11
9553.51
9556.97
9560.37
9563.77
9567.11
9570.51
9573.91
9577.31
9580.77
9584.18
9587.58
9590.98
9594.32
9597.72
9601.13
9604.59
9607.99
9611.39
9614.8
9618.14
9621.55
9624.95
9628.35
9631.82
9635.22
9638.62
9641.97
9645.38
9648.78
9652.19
9655.65
9659.06
9662.46
9665.87
9669.22
9672.62
9676.03
9679.5
9682.9
9686.31
9689.72
9693.07
9696.48
9699.88
9703.29
9706.76
9710.17
9713.58
9716.93
9720.34
9723.75
9727.16
9730.63
9734.04
9737.45
9740.8
9744.21
9747.62
9751.03
9754.5
9757.91
9761.33
9764.74
9768.09
9771.5
9774.92
9778.39
9781.8
9785.22
9788.63
9791.98
9795.4
9798.81
9802.23
9805.7
9809.11
9812.53
9815.88
9819.3
9822.72
9826.13
9829.61
9833.02
9836.44
9839.86
9843.21
9846.63
9850.05
9853.52
9856.94
9860.36
9863.78
9867.14
9870.55
9873.97
9877.39
9880.87
9884.29
9887.71
9891.07
9894.49
9897.91
9901.33
9904.81
9908.23
9911.65
9915.07
9918.43
9921.85
9925.27
9928.75
9932.18
9935.6
9939.02
9942.38
9945.81
9949.23
9952.65
9956.14
9959.56
9962.98
9966.35
9969.77
9973.19
9976.62
9980.1
9983.53
9986.95
9990.38
9993.74
9997.17
10000.6
10004.1
10007.5
10010.9
10014.4
10017.7
10021.2
10024.6
10028
10031.5
10034.9
10038.4
10041.7
10045.1
10048.6
10052
10055.5
10058.9
10062.4
10065.7
10069.2
10072.6
10076
10079.5
10082.9
10086.4
10089.8
10093.2
10096.6
10100
10103.5
10107
10110.4
10113.8
10117.2
10120.6
10124.1
10127.5
10131
10134.4
10137.8
10141.2
10144.7
10148.1
10151.5
10155
10158.5
10161.9
10165.3
10168.7
10172.1
10175.6
10179.1
10182.5
10185.9
10189.4
10192.8
10196.2
10199.6
10203.1
10206.6
10210
10213.4
10216.8
10220.3
10223.7
10227.1
10230.6
10234.1
10237.5
10240.9
10244.3
10247.8
10251.2
10254.7
10258.1
10261.6
10265
10268.4
10271.8
10275.3
10278.7
10282.2
10285.7
10289.1
10292.5
10295.9
10299.4
10302.8
10306.3
10309.8
10313.2
10316.7
10320
10323.5
10326.9
10330.4
10333.9
10337.3
10340.8
10344.2
10347.6
10351
10354.6
10358
10361.4
10364.9
10368.3
10371.7
10375.2
10378.6
10382.1
10385.6
10389
10392.4
10395.9
10399.3
10402.8
10406.3
10409.7
10413.2
10416.6
10420
10423.4
10426.9
10430.4
10433.9
10437.3
10440.8
10444.1
10447.6
10451
10454.5
10458
10461.5
10464.9
10468.3
10471.8
10475.2
10478.7
10482.2
10485.6
10489.1
10492.5
10495.9
10499.4
10502.8
10506.3
10509.8
10513.3
10516.7
10520.1
10523.6
10527
10530.5
10534
10537.4
10540.9
10544.3
10547.7
10551.2
10554.7
10558.2
10561.6
10565.1
10568.6
10571.9
10575.4
10578.9
10582.4
10585.8
10589.3
10592.8
10596.2
10599.6
10603.1
10606.5
10610.1
10613.5
10617
10620.4
10623.8
10627.3
10630.8
10634.3
10637.7
10641.2
10644.7
10648.1
10651.5
10655
10658.5
10662
10665.4
10668.9
10672.3
10675.8
10679.2
10682.7
10686.2
10689.7
10693.1
10696.5
10700
10703.5
10706.9
10710.5
10713.9
10717.4
10720.8
10724.3
10727.7
10731.2
10734.7
10738.2
10741.7
10745.1
10748.5
10752
10755.5
10759
10762.5
10765.9
10769.4
10772.8
10776.3
10779.7
10783.2
10786.7
10790.2
10793.7
10797.1
10800.5
10804
10807.5
10811
10814.5
10818
10821.4
10824.8
10828.3
10831.8
10835.3
10838.8
10842.3
10845.7
10849.1
10852.6
10856.1
10859.6
10863.1
10866.6
10870
10873.4
10876.9
10880.4
10883.9
10887.4
10890.9
10894.4
10897.8
10901.2
10904.7
10908.2
10911.7
10915.2
10918.7
10922.2
10925.6
10929
10932.5
10936
10939.5
10943
10946.5
10949.9
10953.4
10956.9
10960.3
10963.9
10967.4
10970.8
10974.3
10977.7
10981.2
10984.7
10988.2
10991.7
10995.2
10998.7
11002.1
11005.6
11009
11012.6
11016.1
11019.6
11023
11026.5
11029.9
11033.4
11036.9
11040.4
11043.9
11047.4
11050.8
11054.3
11057.8
11061.3
11064.8
11068.3
11071.8
11075.3
11078.7
11082.2
11085.7
11089.2
11092.7
11096.2
11099.7
11103.1
11106.6
11110.1
11113.5
11117.1
11120.6
11124.1
11127.5
11131
11134.5
11137.9
11141.5
11145
11148.5
11152
11155.4
11158.9
11162.4
11165.9
11169.4
11172.9
11176.4
11179.8
11183.3
11186.8
11190.3
11193.8
11197.3
11200.8
11204.2
11207.7
11211.2
11214.7
11218.3
11221.7
11225.2
11228.7
11232.2
11235.6
11239.1
11242.7
11246.2
11249.7
11253.2
11256.6
11260.1
11263.6
11267.1
11270.6
11274.1
