0
1.49953
3.00021
4.5021
6.00507
7.50931
9.01465
10.5211
12.0287
13.5375
15.0476
16.5587
18.071
19.5844
21.099
22.6145
24.1314
25.6494
27.1686
28.6889
30.2107
31.733
33.2572
34.7818
36.3082
37.835
39.3638
40.8929
42.424
43.9554
45.4883
47.0229
48.5577
50.0945
51.6316
53.1702
54.71
56.2515
57.793
59.3362
60.8812
62.4267
63.9727
65.5205
67.07
68.6201
70.1706
71.7229
73.277
74.8316
76.3865
77.9434
79.5021
81.0612
82.6206
84.182
85.7453
87.3089
88.8728
90.4386
92.0056
93.5746
95.1439
96.7133
98.2848
99.8583
101.432
103.006
104.582
106.16
107.737
109.316
110.897
112.48
114.062
115.646
117.23
118.817
120.403
121.991
123.582
125.172
126.764
128.357
129.949
131.545
133.14
134.737
136.337
137.935
139.537
141.137
142.739
144.345
145.948
147.556
149.163
150.769
152.38
153.989
155.601
157.215
158.827
160.443
162.059
163.675
165.294
166.912
168.532
170.155
171.776
173.401
175.026
176.65
178.279
179.905
181.534
183.166
184.795
186.429
188.061
189.695
191.333
192.967
194.607
196.246
197.884
199.527
201.167
202.81
204.456
206.1
207.748
209.396
211.042
212.694
214.343
215.994
217.649
219.301
220.956
222.615
224.27
225.93
227.587
229.25
230.911
232.572
234.238
235.9
237.568
239.233
240.9
242.572
244.242
245.913
247.583
249.256
250.93
252.608
254.285
255.96
257.641
259.318
261.001
262.683
264.366
266.047
267.732
269.421
271.108
272.796
274.482
276.173
277.864
279.559
281.252
282.944
284.64
286.336
288.037
289.735
291.432
293.133
294.835
296.541
298.245
299.95
301.653
303.36
305.071
306.78
308.49
310.198
311.911
313.624
315.341
317.057
318.77
320.488
322.206
323.929
325.65
327.371
329.091
330.815
332.543
334.268
335.995
337.72
339.449
341.182
342.913
344.645
346.375
348.109
349.844
351.584
353.321
355.056
356.795
358.535
360.28
362.022
363.766
365.506
367.252
369.002
370.749
372.498
374.244
375.994
377.746
379.502
381.256
383.006
384.762
386.519
388.28
390.039
391.795
393.555
395.317
397.084
398.848
400.612
402.374
404.141
405.913
407.682
409.451
411.218
412.99
414.763
416.541
418.316
420.088
421.864
423.642
425.425
427.205
428.986
430.764
432.547
434.335
436.12
437.906
439.689
441.477
443.266
445.06
446.851
448.638
450.431
452.225
454.024
455.82
457.613
459.411
461.214
463.01
464.815
466.617
468.415
470.219
472.028
473.834
475.641
477.444
479.253
481.068
482.878
484.69
486.498
488.312
490.127
491.947
493.764
495.577
497.4
499.22
501.036
502.857
504.685
506.504
508.328
510.158
511.985
513.812
515.636
517.47
519.301
521.127
522.96
524.793
526.627
528.462
530.304
532.141
533.979
535.818
537.659
539.495
541.337
543.185
545.024
546.869
548.72
550.567
552.415
554.263
556.113
557.964
559.81
561.663
563.517
565.371
567.227
569.089
570.946
572.805
574.664
576.525
578.381
580.243
582.106
583.97
585.835
587.701
589.574
591.442
593.311
595.181
597.052
598.918
600.791
602.665
604.539
606.415
608.297
610.175
612.053
613.933
615.813
617.688
619.571
621.454
623.338
625.223
627.109
629.002
630.89
632.779
634.669
636.559
638.445
640.338
642.231
644.126
646.021
647.923
649.821
651.719
653.618
655.518
657.413
659.315
661.218
663.122
665.026
666.932
668.845
670.753
672.661
674.571
676.481
678.386
680.298
682.211
684.125
686.04
687.962
689.879
691.797
693.716
695.635
697.556
699.471
701.393
703.316
705.24
707.165
709.098
711.025
712.953
714.882
716.811
718.735
720.667
722.599
724.532
726.467
728.409
730.345
732.282
734.22
736.159
738.098
740.032
741.974
743.916
745.859
747.804
749.756
751.702
753.649
755.597
757.546
759.488
761.439
763.39
765.343
767.296
769.258
771.213
773.169
775.126
777.084
779.042
780.995
782.955
784.917
786.879
788.842
790.814
792.779
794.744
796.711
798.679
800.64
802.609
804.58
806.551
808.523
810.496
812.478
814.453
816.428
818.405
820.382
822.353
824.332
826.312
828.293
830.275
832.266
834.249
836.234
838.219
840.206
842.185
844.173
846.162
848.152
850.143
852.134
854.135
856.128
858.122
860.117
862.113
864.102
866.1
868.098
870.098
872.098
874.108
876.11
878.113
880.117
882.121
884.119
886.125
888.132
890.141
892.15
894.16
896.179
898.19
900.203
902.216
904.231
906.237
908.253
910.27
912.288
914.306
916.334
918.355
920.376
922.398
924.421
926.444
928.46
930.486
932.512
934.539
936.576
938.605
940.634
942.665
944.697
946.729
948.753
950.787
952.822
954.858
956.894
958.932
960.979
963.018
965.058
967.099
969.14
971.174
973.217
975.261
977.306
979.352
981.399
983.456
985.504
987.553
989.603
991.645
993.697
995.75
997.803
999.867
1001.92
1003.97
1006.03
1008.09
1010.15
1012.21
1014.26
1016.32
1018.38
1020.45
1022.52
1024.58
1026.64
1028.71
1030.78
1032.85
1034.91
1036.98
1039.05
1041.12
1043.19
1045.27
1047.35
1049.42
1051.5
1053.57
1055.65
1057.72
1059.79
1061.87
1063.96
1066.04
1068.12
1070.21
1072.29
1074.38
1076.46
1078.54
1080.62
1082.72
1084.8
1086.9
1088.98
1091.07
1093.17
1095.25
1097.36
1099.45
1101.54
1103.63
1105.74
1107.83
1109.93
1112.03
1114.12
1116.23
1118.32
1120.44
1122.53
1124.63
1126.74
1128.85
1130.95
1133.07
1135.17
1137.27
1139.39
1141.49
1143.61
1145.72
1147.84
1149.94
1152.07
1154.17
1156.29
1158.41
1160.52
1162.65
1164.77
1166.89
1169
1171.13
1173.24
1175.38
1177.49
1179.61
1181.75
1183.87
1186
1188.13
1190.25
1192.38
1194.52
1196.64
1198.78
1200.91
1203.04
1205.18
1207.31
1209.45
1211.59
1213.73
1215.85
1218
1220.13
1222.28
1224.43
1226.56
1228.71
1230.84
1233
1235.13
1237.29
1239.42
1241.58
1243.72
1245.87
1248.03
1250.17
1252.33
1254.47
1256.64
1258.78
1260.95
1263.09
1265.26
1267.4
1269.56
1271.73
1273.88
1276.05
1278.2
1280.36
1282.52
1284.7
1286.85
1289.03
1291.18
1293.35
1295.52
1297.68
1299.86
1302.03
1304.2
1306.36
1308.54
1310.7
1312.89
1315.06
1317.22
1319.41
1321.58
1323.77
1325.93
1328.12
1330.29
1332.48
1334.65
1336.84
1339.02
1341.2
1343.39
1345.56
1347.76
1349.94
1352.13
1354.31
1356.51
1358.69
1360.88
1363.08
1365.26
1367.46
1369.64
1371.84
1374.03
1376.24
1378.42
1380.63
1382.82
1385.01
1387.23
1389.41
1391.63
1393.81
1396.03
1398.22
1400.43
1402.63
1404.84
1407.05
1409.24
1411.46
1413.66
1415.88
1418.08
1420.3
1422.5
1424.72
1426.92
1429.15
1431.36
1433.56
1435.79
1437.99
1440.22
1442.43
1444.66
1446.86
1449.1
1451.3
1453.53
1455.76
1457.97
1460.21
1462.42
1464.65
1466.87
1469.11
1471.32
1473.56
1475.78
1478.01
1480.25
1482.47
1484.71
1486.93
1489.18
1491.4
1493.64
1495.87
1498.12
1500.35
1502.58
1504.83
1507.05
1509.31
1511.53
1513.79
1516.01
1518.27
1520.5
1522.76
1525
1527.23
1529.49
1531.73
1533.99
1536.22
1538.48
1540.72
1542.98
1545.22
1547.49
1549.74
1551.98
1554.24
1556.49
1558.75
1561
1563.27
1565.51
1567.78
1570.03
1572.29
1574.56
1576.81
1579.08
1581.33
1583.61
1585.86
1588.14
1590.39
1592.67
1594.92
1597.19
1599.47
1601.73
1604.01
1606.27
1608.55
1610.81
1613.09
1615.35
1617.64
1619.92
1622.18
1624.47
1626.73
1629.02
1631.28
1633.58
1635.84
1638.14
1640.4
1642.7
1644.98
1647.25
1649.55
1651.82
1654.12
1656.39
1658.69
1660.96
1663.26
1665.54
1667.82
1670.13
1672.4
1674.71
1676.99
1679.29
1681.57
1683.88
1686.16
1688.47
1690.75
1693.05
1695.36
1697.64
1699.96
1702.24
1704.56
1706.84
1709.16
1711.45
1713.77
1716.07
1718.36
1720.68
1722.97
1725.29
1727.58
1729.9
1732.2
1734.52
1736.82
1739.14
1741.45
1743.75
1746.08
1748.37
1750.7
1753
1755.33
1757.63
1759.97
1762.27
1764.58
1766.92
1769.22
1771.56
1773.86
1776.2
1778.51
1780.84
1783.15
1785.49
1787.8
1790.12
1792.47
1794.78
1797.12
1799.43
1801.78
1804.09
1806.44
1808.75
1811.1
1813.41
1815.75
1818.1
1820.41
1822.76
1825.08
1827.43
1829.76
1832.11
1834.43
1836.79
1839.12
1841.45
1843.8
1846.13
1848.49
1850.81
1853.17
1855.5
1857.86
1860.19
1862.55
1864.9
1867.23
1869.59
1871.93
1874.29
1876.63
1878.99
1881.33
1883.69
1886.03
1888.38
1890.75
1893.09
1895.46
1897.8
1900.18
1902.52
1904.89
1907.23
1909.61
1911.95
1914.31
1916.69
1919.03
1921.41
1923.76
1926.14
1928.48
1930.87
1933.22
1935.6
1937.96
1940.32
1942.7
1945.05
1947.44
1949.79
1952.18
1954.53
1956.92
1959.28
1961.67
1964.04
1966.4
1968.79
1971.15
1973.54
1975.9
1978.3
1980.66
1983.05
1985.42
1987.8
1990.19
1992.56
1994.96
1997.32
1999.72
2002.09
2004.49
2006.86
2009.26
2011.63
2014.02
2016.42
2018.8
2021.2
2023.57
2025.98
2028.36
2030.76
2033.14
2035.55
2037.94
2040.32
2042.73
2045.11
2047.52
2049.9
2052.32
2054.7
2057.11
2059.49
2061.91
2064.31
2066.7
2069.11
2071.5
2073.92
2076.31
2078.73
2081.11
2083.54
2085.92
2088.35
2090.76
2093.15
2095.57
2097.96
2100.39
2102.78
2105.21
2107.61
2110.04
2112.45
2114.84
2117.28
2119.67
2122.11
2124.5
2126.94
2129.34
2131.77
2134.17
2136.61
2139.03
2141.43
2143.87
2146.27
2148.71
2151.12
2153.56
2155.96
2158.41
2160.81
2163.26
2165.67
2168.09
2170.54
2172.95
2175.4
2177.81
2180.25
2182.67
2185.12
2187.53
2189.98
2192.39
2194.83
2197.28
2199.7
2202.15
2204.57
2207.02
2209.44
2211.9
2214.32
2216.76
2219.2
2221.64
2224.1
2226.52
2228.98
2231.4
2233.86
2236.29
2238.75
2241.18
2243.62
2246.07
2248.52
2250.98
2253.41
2255.86
2258.31
2260.78
2263.23
2265.68
2268.13
2270.56
2273.02
2275.47
2277.94
2280.4
2282.85
2285.29
2287.76
2290.22
2292.68
2295.13
2297.57
2300.03
2302.49
2304.97
2307.41
2309.89
2312.34
2314.82
2317.28
2319.75
2322.21
2324.66
2327.12
2329.59
2332.07
2334.52
2337.01
2339.46
2341.95
2344.42
2346.87
2349.36
2351.81
2354.28
2356.75
2359.25
2361.7
2364.19
2366.65
2369.14
2371.62
2374.08
2376.57
2379.03
2381.51
2383.99
2386.49
2388.97
2391.45
2393.91
2396.41
2398.87
2401.36
2403.86
2406.33
2408.83
2411.3
2413.8
2416.29
2418.77
2421.24
2423.75
2426.22
2428.71
2431.22
2433.71
2436.2
2438.67
2441.18
2443.68
2446.17
2448.64
2451.14
2453.63
2456.13
2458.64
2461.14
2463.64
2466.11
2468.63
2471.13
2473.63
2476.11
2478.61
2481.11
2483.61
2486.14
2488.64
2491.12
2493.63
2496.15
2498.66
2501.16
2503.67
2506.15
2508.66
2511.17
2513.7
2516.21
2518.69
2521.2
2523.74
2526.25
2528.76
2531.27
2533.76
2536.28
2538.79
2541.33
2543.84
2546.34
2548.85
2551.39
2553.91
2556.4
2558.94
2561.44
2563.96
2566.48
2569.02
2571.54
2574.04
2576.57
2579.11
2581.63
2584.14
2586.68
2589.21
2591.71
2594.24
2596.78
2599.31
2601.82
2604.35
2606.9
2609.43
2611.93
2614.49
2617.02
2619.53
2622.06
2624.61
2627.15
2629.66
2632.19
2634.75
2637.26
2639.8
2642.36
2644.89
2647.41
2649.95
2652.51
2655.05
2657.56
2660.1
2662.67
2665.19
2667.73
2670.29
2672.84
2675.36
2677.9
2680.47
2683.01
2685.56
2688.08
2690.63
2693.18
2695.72
2698.29
2700.84
2703.37
2705.92
2708.49
2711.04
2713.59
2716.12
2718.68
2721.23
2723.78
2726.36
2728.91
2731.45
2734
2736.58
2739.14
2741.7
2744.25
2746.79
2749.35
2751.91
2754.49
2757.05
2759.59
2762.15
2764.73
2767.3
2769.86
2772.42
2774.99
2777.53
2780.09
2782.68
2785.25
2787.79
2790.36
2792.95
2795.52
2798.06
2800.66
2803.23
2805.77
2808.35
2810.94
2813.51
2816.06
2818.63
2821.23
2823.8
2826.36
2828.95
2831.53
2834.08
2836.66
2839.26
2841.84
2844.39
2846.97
2849.57
2852.15
2854.71
2857.31
2859.89
2862.45
2865.04
2867.64
2870.22
2872.78
2875.37
2877.98
2880.54
2883.13
2885.74
2888.32
2890.89
2893.47
2896.09
2898.67
2901.24
2903.83
2906.44
2909.01
2911.6
2914.22
2916.81
2919.38
2921.97
2924.59
2927.19
2929.76
2932.35
2934.95
2937.54
2940.14
2942.76
2945.36
2947.94
2950.53
2953.16
2955.76
2958.34
2960.94
2963.54
2966.14
2968.74
2971.37
2973.97
2976.55
2979.16
2981.79
2984.39
2987
2989.6
2992.21
2994.79
2997.4
3000.04
3002.64
3005.23
3007.84
3010.47
3013.09
3015.7
3018.31
3020.92
3023.51
3026.12
3028.76
3031.38
3033.97
3036.58
3039.22
3041.84
3044.43
3047.07
3049.69
3052.29
3054.9
3057.55
3060.17
3062.76
3065.39
3068.03
3070.65
3073.25
3075.9
3078.52
3081.12
3083.75
3086.39
3089.02
3091.62
3094.25
3096.9
3099.5
3102.13
3104.78
3107.41
3110.02
3112.64
3115.3
3117.93
3120.54
3123.17
3125.83
3128.43
3131.07
3133.72
3136.36
3138.97
3141.6
3144.26
3146.9
3149.51
3152.15
3154.81
3157.42
3160.06
3162.73
3165.36
3167.98
3170.62
3173.29
3175.93
3178.54
3181.19
3183.85
3186.47
3189.11
3191.78
3194.43
3197.05
3199.69
3202.37
3205.01
3207.63
3210.28
3212.95
3215.58
3218.23
3220.9
3223.55
3226.18
3228.83
3231.5
3234.15
3236.78
3239.46
3242.11
3244.74
3247.39
3250.07
3252.73
3255.36
3258.02
3260.7
3263.35
3265.99
3268.67
3271.33
3273.96
3276.62
3279.31
3281.97
3284.6
3287.26
3289.95
3292.61
3295.25
3297.94
3300.6
3303.24
3305.9
3308.59
3311.26
3313.9
3316.56
3319.26
3321.92
3324.56
3327.26
3329.93
3332.57
3335.24
3337.94
3340.61
3343.25
3345.92
3348.62
3351.27
3353.94
3356.64
3359.31
3361.96
3364.63
3367.34
3370.01
3372.66
3375.34
3378.04
3380.69
3383.37
3386.07
3388.75
3391.4
3394.08
3396.79
3399.47
3402.13
3404.81
3407.52
3410.17
3412.85
3415.56
3418.25
3420.9
3423.59
3426.3
3428.99
3431.65
3434.33
3437.05
3439.71
3442.39
3445.11
3447.8
3450.46
3453.15
3455.87
3458.56
3461.22
3463.91
3466.63
3469.3
3471.99
3474.71
3477.4
3480.07
3482.76
3485.49
3488.18
3490.85
3493.57
3496.27
3498.94
3501.64
3504.36
3507.06
3509.73
3512.43
3515.16
3517.86
3520.53
3523.26
3525.96
3528.64
3531.34
3534.07
3536.77
3539.45
3542.15
3544.89
3547.59
3550.27
3553
3555.71
3558.39
3561.1
3563.83
3566.54
3569.22
3571.93
3574.67
3577.38
3580.06
3582.8
3585.51
3588.19
3590.9
3593.65
3596.36
3599.04
3601.76
3604.5
3607.19
3609.9
3612.65
3615.36
3618.05
3620.77
3623.51
3626.23
3628.92
3631.64
3634.39
3637.08
3639.8
3642.55
3645.27
3647.96
3650.68
3653.43
3656.16
3658.85
3661.57
3664.33
3667.02
3669.75
3672.5
3675.23
3677.92
3680.65
3683.41
3686.13
3688.83
3691.56
3694.32
3697.02
3699.75
3702.51
3705.24
3707.94
3710.67
3713.43
3716.16
3718.87
3721.6
3724.36
3727.06
3729.8
3732.56
3735.3
3738
3740.74
3743.51
3746.24
3748.95
3751.72
3754.45
3757.16
3759.9
3762.67
3765.41
3768.12
3770.86
3773.63
3776.37
3779.09
3781.86
3784.6
3787.31
3790.06
3792.83
3795.57
3798.29
3801.04
3803.81
3806.56
3809.27
3812.05
3814.8
3817.51
3820.26
3823.04
3825.79
3828.51
3831.26
3834.04
3836.79
3839.51
3842.29
3845.04
3847.77
3850.52
3853.3
3856.05
3858.78
3861.53
3864.32
3867.04
3869.8
3872.58
3875.34
3878.07
3880.82
3883.61
3886.37
3889.1
3891.86
3894.65
3897.38
3900.14
3902.93
3905.69
3908.42
3911.18
3913.97
3916.74
3919.47
3922.23
3925.03
3927.76
3930.52
3933.32
3936.08
3938.82
3941.59
3944.38
3947.15
3949.89
3952.65
3955.45
3958.19
3960.96
3963.76
3966.53
3969.27
3972.04
3974.84
3977.61
3980.36
3983.16
3985.93
3988.67
3991.45
3994.25
3997.03
3999.77
4002.54
4005.35
4008.13
4010.87
4013.68
4016.46
4019.2
4021.98
4024.79
4027.57
4030.32
4033.1
4035.91
4038.69
4041.44
4044.25
4047.03
4049.78
4052.56
4055.38
4058.16
4060.91
4063.7
4066.51
4069.3
4072.05
4074.87
4077.65
4080.41
4083.2
4086.01
4088.8
4091.56
4094.35
4097.17
4099.96
4102.71
4105.53
4108.32
4111.08
4113.88
4116.7
4119.49
4122.25
4125.04
4127.87
4130.63
4133.42
4136.25
4139.04
4141.81
4144.6
4147.43
4150.23
4152.99
4155.79
4158.62
4161.38
4164.18
4167.01
4169.81
4172.58
4175.38
4178.21
4181.01
4183.78
4186.58
4189.41
4192.18
4194.98
4197.82
4200.62
4203.39
4206.2
4209.03
4211.84
4214.61
4217.42
4220.25
4223.03
4225.84
4228.67
4231.48
4234.26
4237.07
4239.91
4242.71
4245.49
4248.33
4251.14
4253.92
4256.73
4259.58
4262.39
4265.17
4267.98
4270.82
4273.64
4276.42
4279.27
4282.08
4284.86
4287.68
4290.52
4293.34
4296.12
4298.94
4301.79
4304.61
4307.39
4310.24
4313.06
4315.85
4318.67
4321.52
4324.34
4327.13
4329.95
4332.8
4335.62
4338.41
4341.27
4344.09
4346.88
4349.7
4352.56
4355.38
4358.17
4361
4363.86
4366.68
4369.48
4372.33
4375.16
4377.96
4380.78
4383.64
4386.47
4389.27
4392.1
4394.96
4397.76
4400.59
4403.45
4406.28
4409.08
4411.91
4414.77
4417.61
4420.41
4423.24
4426.11
4428.91
4431.74
4434.61
4437.44
4440.25
4443.08
4445.95
4448.79
4451.59
4454.43
4457.3
4460.1
4462.94
4465.81
4468.65
4471.46
4474.3
4477.17
4480.01
4482.82
4485.66
4488.53
4491.34
4494.18
4497.06
4499.9
4502.71
4505.56
4508.43
4511.28
4514.09
4516.97
4519.81
4522.63
4525.47
4528.35
4531.2
4534.01
4536.86
4539.74
4542.59
4545.41
4548.29
4551.14
4553.96
4556.81
4559.69
4562.54
4565.36
4568.21
4571.1
4573.95
4576.77
4579.65
4582.51
4585.33
4588.18
4591.07
4593.93
4596.75
4599.6
4602.49
4605.35
4608.17
4611.06
4613.92
4616.74
4619.6
4622.49
4625.35
4628.18
4631.04
4633.93
4636.79
4639.62
4642.51
4645.38
4648.2
4651.06
4653.96
4656.82
4659.65
4662.52
4665.41
4668.24
4671.11
4674.01
4676.87
4679.7
4682.57
4685.47
4688.34
4691.17
4694.04
4696.94
4699.77
4702.64
4705.55
4708.41
4711.25
4714.12
4717.02
4719.89
4722.73
4725.64
4728.51
4731.35
4734.22
4737.13
4740
4742.84
4745.71
4748.62
4751.49
4754.33
4757.21
4760.12
4762.96
4765.84
4768.75
4771.62
4774.47
4777.34
4780.26
4783.14
4785.98
4788.86
4791.77
4794.62
4797.5
4800.41
4803.29
4806.14
4809.02
4811.94
4814.82
4817.67
4820.58
4823.47
4826.32
4829.2
4832.12
4835
4837.85
4840.74
4843.66
4846.54
4849.39
4852.28
4855.2
4858.06
4860.94
4863.87
4866.75
4869.61
4872.5
4875.42
4878.31
4881.16
4884.09
4886.98
4889.84
4892.73
4895.66
4898.55
4901.4
4904.3
4907.22
4910.08
4912.98
4915.87
4918.8
4921.66
4924.55
4927.49
4930.38
4933.24
4936.17
4939.07
4941.93
4944.83
4947.76
4950.66
4953.52
4956.42
4959.36
4962.26
4965.12
4968.02
4970.96
4973.82
4976.72
4979.66
4982.56
4985.43
4988.33
4991.27
4994.17
4997.04
4999.98
5002.88
5005.75
5008.66
5011.6
5014.5
5017.37
5020.28
5023.22
5026.13
5029
5031.91
5034.85
5037.72
5040.63
5043.57
5046.48
5049.36
5052.27
5055.21
5058.12
5061
5063.91
5066.86
5069.73
5072.64
5075.59
5078.51
5081.38
5084.33
5087.25
5090.16
5093.04
5095.99
5098.9
5101.78
5104.7
5107.65
5110.57
5113.45
5116.36
5119.32
5122.24
5125.12
5128.04
5130.99
5133.87
5136.79
5139.75
5142.67
5145.55
5148.51
5151.43
5154.35
5157.24
5160.19
5163.12
5166
5168.93
5171.89
5174.81
5177.7
5180.62
5183.58
5186.47
5189.39
5192.32
5195.28
5198.17
5201.1
5204.06
5206.99
5209.88
5212.84
5215.77
5218.66
5221.59
5224.56
5227.49
5230.38
5233.31
5236.28
5239.21
5242.1
5245.03
5248
5250.9
5253.83
5256.76
5259.73
5262.63
5265.56
5268.53
5271.46
5274.36
5277.33
5280.23
5283.17
5286.1
5289.08
5292.01
5294.91
5297.89
5300.82
5303.76
5306.66
5309.6
5312.58
5315.48
5318.42
5321.36
5324.33
5327.23
5330.18
5333.15
5336.09
5339.04
5341.94
5344.92
5347.82
5350.77
5353.75
5356.69
5359.6
5362.58
5365.52
5368.47
5371.37
5374.36
5377.3
5380.21
5383.19
5386.1
5389.09
5392
5394.94
5397.93
5400.88
5403.79
5406.74
5409.72
5412.63
5415.58
5418.57
5421.52
5424.43
5427.42
5430.37
5433.33
5436.24
5439.23
5442.18
5445.1
5448.09
5451
5453.99
5456.91
5459.86
5462.86
5465.77
5468.73
5471.68
5474.68
5477.6
5480.55
5483.55
5486.5
5489.42
5492.42
5495.38
5498.3
5501.25
5504.25
5507.21
5510.13
5513.13
5516.05
5519.05
5521.97
5524.93
5527.93
5530.86
5533.82
5536.78
5539.78
5542.7
5545.67
5548.67
5551.63
5554.6
5557.56
5560.49
5563.45
5566.42
5569.42
5572.39
5575.31
5578.32
5581.25
5584.25
5587.18
5590.15
5593.16
5596.09
5599.09
5602.02
5605.03
5607.96
5610.93
5613.94
5616.91
5619.88
5622.81
5625.78
5628.76
5631.73
5634.74
5637.71
5640.65
5643.66
5646.63
5649.6
5652.54
5655.55
5658.53
5661.46
5664.48
5667.41
5670.43
5673.36
5676.34
5679.36
5682.33
5685.27
5688.25
5691.23
5694.2
5697.18
5700.2
5703.18
5706.12
5709.14
5712.12
5715.1
5718.04
5721.06
5724.04
5726.98
5730
5732.95
5735.97
5738.91
5741.89
5744.92
5747.86
5750.84
5753.83
5756.81
5759.8
5762.78
5765.81
5768.79
5771.78
5774.76
5777.75
5780.7
5783.68
5786.71
5789.7
5792.65
5795.68
5798.62
5801.65
5804.6
5807.59
5810.62
5813.57
5816.6
5819.55
5822.58
5825.53
5828.52
5831.56
5834.55
5837.54
5840.53
5843.48
5846.48
5849.47
5852.5
5855.5
5858.45
5861.49
5864.44
5867.48
5870.43
5873.47
5876.46
5879.42
5882.46
5885.41
5888.45
5891.41
5894.41
5897.44
5900.44
5903.44
5906.4
5909.4
5912.4
5915.4
5918.44
5921.44
5924.44
5927.44
5930.4
5933.44
5936.4
5939.45
5942.45
5945.41
5948.45
5951.42
5954.46
5957.42
5960.43
5963.47
5966.48
5969.44
5972.45
5975.45
5978.46
5981.46
5984.51
5987.52
5990.52
5993.53
5996.5
5999.55
6002.51
6005.56
6008.57
6011.54
6014.59
6017.56
6020.61
6023.58
6026.59
6029.64
6032.61
6035.66
6038.63
6041.64
6044.65
6047.67
6050.72
6053.73
6056.75
6059.76
6062.73
6065.74
6068.76
6071.81
6074.83
6077.8
6080.86
6083.83
6086.89
6089.87
6092.88
6095.94
6098.92
6101.97
6104.95
6107.97
6110.99
6114
6117.06
6120.08
6123.1
6126.12
6129.1
6132.12
6135.14
6138.2
6141.22
6144.24
6147.27
6150.25
6153.31
6156.29
6159.35
6162.38
6165.36
6168.42
6171.41
6174.47
6177.45
6180.48
6183.54
6186.57
6189.59
6192.58
6195.6
6198.63
6201.66
6204.73
6207.75
6210.78
6213.81
6216.79
6219.86
6222.85
6225.92
6228.95
6231.93
6235.01
6237.99
6241.02
6244.05
6247.08
6250.16
6253.19
6256.22
6259.21
6262.24
6265.27
6268.31
6271.38
6274.41
6277.45
6280.48
6283.47
6286.55
6289.54
6292.62
6295.65
6298.64
6301.72
6304.71
6307.79
6310.79
6313.82
6316.9
6319.9
6322.98
6325.97
6329.01
6332.05
6335.09
6338.17
6341.21
6344.24
6347.28
6350.28
6353.32
6356.36
6359.44
6362.48
6365.53
6368.57
6371.57
6374.65
6377.65
6380.69
6383.78
6386.78
6389.86
6392.86
6395.91
6398.95
6402
6405.08
6408.13
6411.17
6414.22
6417.22
6420.27
6423.31
6426.4
6429.45
6432.5
6435.54
6438.55
6441.64
6444.64
6447.73
6450.78
6453.79
6456.88
6459.89
6462.94
6465.99
6469.04
6472.13
6475.18
6478.23
6481.24
6484.29
6487.34
6490.39
6493.49
6496.54
6499.59
6502.65
6505.66
6508.75
6511.76
6514.86
6517.91
6520.93
6524.02
6527.04
6530.09
6533.15
6536.2
6539.3
6542.36
6545.41
6548.43
6551.48
6554.54
6557.6
6560.7
6563.76
6566.82
6569.88
6572.89
6575.99
6579.01
6582.11
6585.17
6588.23
6591.29
6594.31
6597.37
6600.43
6603.5
6606.6
6609.62
6612.73
6615.74
6618.81
6621.87
6624.93
6628.04
6631.1
6634.17
6637.23
6640.25
6643.32
6646.38
6649.49
6652.56
6655.62
6658.69
6661.71
6664.82
6667.85
6670.91
6674.03
6677.05
6680.16
6683.18
6686.25
6689.32
6692.39
6695.5
6698.57
6701.64
6704.71
6707.74
6710.81
6713.88
6717
6720.07
6723.14
6726.21
6729.24
6732.36
6735.38
6738.5
6741.57
6744.6
6747.72
6750.75
6753.82
6756.9
6759.97
6763.09
6766.17
6769.24
6772.27
6775.35
6778.43
6781.5
6784.62
6787.7
6790.78
6793.85
6796.89
6800.01
6803.04
6806.17
6809.24
6812.32
6815.4
6818.44
6821.52
6824.6
6827.68
6830.8
6833.88
6836.96
6840
6843.08
6846.16
6849.24
6852.37
6855.45
6858.54
6861.62
6864.66
6867.74
6870.82
6873.95
6877.04
6880.12
6883.21
6886.25
6889.33
6892.42
6895.5
6898.63
6901.67
6904.8
6907.85
6910.93
6914.02
6917.11
6920.24
6923.33
6926.42
6929.5
6932.55
6935.64
6938.73
6941.86
6944.95
6948.04
6951.13
6954.17
6957.26
6960.36
6963.45
6966.58
6969.63
6972.77
6975.81
6978.91
6982
6985.09
6988.23
6991.32
6994.42
6997.51
7000.56
7003.65
7006.75
7009.89
7012.98
7016.08
7019.17
7022.22
7025.32
7028.41
7031.56
7034.65
7037.75
7040.85
7043.9
7047
7050.09
7053.19
7056.34
7059.43
7062.53
7065.59
7068.69
7071.79
7074.89
7078.03
7081.13
7084.23
7087.33
7090.39
7093.53
7096.59
7099.74
7102.84
7105.94
7109.04
7112.1
7115.2
7118.31
7121.41
7124.56
7127.66
7130.77
7133.83
7136.93
7140.04
7143.14
7146.29
7149.4
7152.5
7155.61
7158.67
7161.78
7164.88
7168.04
7171.14
7174.25
7177.36
7180.42
7183.53
7186.64
7189.75
7192.9
7195.96
7199.12
7202.18
7205.29
7208.4
7211.51
7214.67
7217.78
7220.89
7224
7227.07
7230.18
7233.29
7236.45
7239.56
7242.68
7245.79
7248.86
7251.97
7255.08
7258.2
7261.36
7264.47
7267.59
7270.65
7273.77
7276.88
7280
7283.16
7286.28
7289.4
7292.51
7295.58
7298.7
7301.82
7304.98
7308.1
7311.22
7314.33
7317.4
7320.52
7323.64
7326.81
7329.93
7333.05
7336.17
7339.24
7342.36
7345.48
7348.6
7351.77
7354.89
7358.01
7361.09
7364.21
7367.33
7370.45
7373.62
7376.74
7379.87
7382.99
7386.07
7389.19
7392.31
7395.49
7398.61
7401.74
7404.86
7407.94
7411.06
7414.19
7417.31
7420.49
7423.61
7426.74
7429.82
7432.95
7436.07
7439.2
7442.38
7445.5
7448.63
7451.76
7454.84
7457.97
7461.1
7464.28
7467.41
7470.54
7473.67
7476.75
7479.88
7483.01
7486.14
7489.32
7492.45
7495.58
7498.67
7501.8
7504.93
7508.06
7511.24
7514.38
7517.51
7520.64
7523.73
7526.86
7530
7533.18
7536.31
7539.45
7542.58
7545.67
7548.8
7551.94
7555.08
7558.26
7561.4
7564.53
7567.62
7570.76
7573.9
7577.03
7580.22
7583.36
7586.5
7589.63
7592.72
7595.86
7599
7602.19
7605.33
7608.47
7611.61
7614.7
7617.84
7620.98
7624.17
7627.31
7630.45
7633.59
7636.69
7639.83
7642.97
7646.11
7649.31
7652.45
7655.59
7658.69
7661.83
7664.97
7668.12
7671.31
7674.45
7677.6
7680.74
7683.84
7686.99
7690.13
7693.33
7696.47
7699.62
7702.76
7705.86
7709.01
7712.16
7715.3
7718.5
7721.65
7724.8
7727.89
7731.04
7734.19
7737.34
7740.54
7743.69
7746.84
7749.99
7753.09
7756.24
7759.39
7762.59
7765.74
7768.89
7772.04
7775.14
7778.3
7781.45
7784.6
7787.8
7790.95
7794.11
7797.21
7800.36
7803.52
7806.67
7809.87
7813.03
7816.18
7819.34
7822.44
7825.6
7828.75
7831.96
7835.11
7838.27
7841.43
7844.53
7847.69
7850.85
7854
7857.21
7860.37
7863.52
7866.63
7869.79
7872.95
7876.11
7879.32
7882.47
7885.63
7888.74
7891.9
7895.06
7898.22
7901.43
7904.59
7907.75
7910.92
7914.03
7917.19
7920.35
7923.56
7926.72
7929.89
7933.05
7936.16
7939.32
7942.49
7945.65
7948.86
7952.03
7955.19
7958.31
7961.47
7964.63
7967.8
7971.01
7974.18
7977.34
7980.51
7983.63
7986.79
7989.96
7993.17
7996.34
7999.51
8002.68
8005.79
8008.96
8012.13
8015.3
8018.51
8021.68
8024.85
8027.97
8031.14
8034.31
8037.48
8040.7
8043.87
8047.04
8050.21
8053.33
8056.5
8059.67
8062.89
8066.06
8069.24
8072.41
8075.53
8078.7
8081.87
8085.05
8088.27
8091.44
8094.62
8097.74
8100.91
8104.09
8107.26
8110.49
8113.66
8116.84
8120.01
8123.14
8126.31
8129.49
8132.71
8135.89
8139.07
8142.24
8145.37
8148.54
8151.72
8154.9
8158.13
8161.31
8164.48
8167.61
8170.79
8173.97
8177.15
8180.38
8183.56
8186.73
8189.86
8193.04
8196.22
8199.4
8202.64
8205.82
8209
8212.18
8215.31
8218.49
8221.67
8224.9
8228.09
8231.27
8234.45
8237.58
8240.77
8243.95
8247.13
8250.37
8253.55
8256.74
8259.87
8263.05
8266.24
8269.42
8272.66
8275.84
8279.03
8282.22
8285.35
8288.54
8291.72
8294.96
8298.15
8301.33
8304.52
8307.66
8310.84
8314.03
8317.22
8320.46
8323.65
8326.84
8329.97
8333.16
8336.35
8339.54
8342.78
8345.97
8349.16
8352.35
8355.49
8358.68
8361.87
8365.12
8368.31
8371.5
8374.69
8377.83
8381.02
8384.21
8387.41
8390.65
8393.84
8397.04
8400.18
8403.37
8406.57
8409.76
8413.01
8416.2
8419.39
8422.59
8425.73
8428.93
8432.12
8435.37
8438.57
8441.76
8444.96
8448.1
8451.3
8454.5
8457.69
8460.94
8464.14
8467.34
8470.48
8473.68
8476.88
8480.08
8483.33
8486.53
8489.73
8492.87
8496.07
8499.27
8502.47
8505.72
8508.92
8512.12
8515.32
8518.47
8521.67
8524.88
8528.13
8531.33
8534.53
8537.73
8540.88
8544.09
8547.29
8550.49
8553.75
8556.95
8560.15
8563.31
8566.51
8569.71
8572.92
8576.17
8579.38
8582.58
8585.79
8588.94
8592.15
8595.35
8598.61
8601.82
8605.02
8608.23
8611.38
8614.59
8617.8
8621
8624.26
8627.47
8630.68
8633.83
8637.04
8640.25
8643.46
8646.72
8649.93
8653.14
8656.35
8659.51
8662.72
8665.93
8669.19
8672.4
8675.61
8678.82
8681.98
8685.19
8688.4
8691.61
8694.88
8698.09
8701.3
8704.46
8707.67
8710.89
8714.1
8717.36
8720.58
8723.79
8727
8730.17
8733.38
8736.59
8739.86
8743.08
8746.29
8749.51
8752.67
8755.88
8759.1
8762.32
8765.58
8768.8
8772.02
8775.18
8778.4
8781.61
8784.83
8788.1
8791.32
8794.54
8797.7
8800.92
8804.14
8807.36
8810.63
8813.85
8817.07
8820.29
8823.45
8826.67
8829.89
8833.17
8836.39
8839.61
8842.83
8846
8849.22
8852.44
8855.66
8858.93
8862.16
8865.38
8868.55
8871.77
8874.99
8878.22
8881.49
8884.72
8887.94
8891.16
8894.33
8897.56
8900.78
8904.06
8907.28
8910.51
8913.73
8916.9
8920.13
8923.36
8926.58
8929.86
8933.09
8936.31
8939.49
8942.71
8945.94
8949.17
8952.45
8955.68
8958.9
8962.13
8965.31
8968.53
8971.76
8975.04
8978.27
8981.5
8984.73
8987.91
8991.14
8994.37
8997.6
9000.88
9004.11
9007.34
9010.52
9013.75
9016.98
9020.21
9023.5
9026.73
9029.96
9033.19
9036.37
9039.6
9042.83
9046.12
9049.35
9052.59
9055.82
9059
9062.23
9065.47
9068.7
9071.99
9075.23
9078.46
9081.64
9084.88
9088.11
9091.35
9094.64
9097.87
9101.11
9104.29
9107.53
9110.76
9114
9117.29
9120.53
9123.77
9127
9130.19
9133.42
9136.66
9139.95
9143.19
9146.43
9149.67
9152.86
9156.09
9159.33
9162.57
9165.87
9169.11
9172.35
9175.53
9178.77
9182.01
9185.26
9188.55
9191.79
9195.03
9198.28
9201.46
9204.7
9207.95
9211.24
9214.49
9217.73
9220.97
9224.16
9227.4
9230.65
9233.89
9237.19
9240.43
9243.68
9246.87
9250.11
9253.36
9256.6
9259.9
9263.15
9266.39
9269.64
9272.83
9276.07
9279.32
9282.62
9285.87
9289.12
9292.36
9295.55
9298.8
9302.05
9305.3
9308.6
9311.85
9315.1
9318.29
9321.54
9324.79
9328.04
9331.34
9334.59
9337.84
9341.09
9344.28
9347.53
9350.78
9354.09
9357.34
9360.59
9363.84
9367.04
9370.29
9373.54
9376.79
9380.1
9383.35
9386.61
9389.8
9393.05
9396.31
9399.56
9402.87
9406.12
9409.38
9412.57
9415.83
9419.08
9422.34
9425.65
9428.9
9432.16
9435.41
9438.61
9441.87
9445.12
9448.43
9451.69
9454.95
9458.2
9461.4
9464.66
9467.92
9471.17
9474.49
9477.74
9481
9484.2
9487.46
9490.72
9493.98
9497.29
9500.55
9503.81
9507.07
9510.27
9513.53
9516.79
9520.11
9523.37
9526.63
9529.89
9533.09
9536.35
9539.61
9542.87
9546.19
9549.45
9552.71
9555.92
9559.18
9562.44
9565.7
9569.02
9572.28
9575.55
9578.81
9582.02
9585.28
9588.54
9591.86
9595.13
9598.39
9601.66
9604.86
9608.13
9611.39
9614.66
9617.98
9621.25
9624.51
9627.72
9630.99
9634.25
9637.52
9640.84
9644.11
9647.37
9650.64
9653.85
9657.12
9660.39
9663.71
9666.98
9670.25
9673.51
9676.73
9679.99
9683.26
9686.53
9689.86
9693.13
9696.39
9699.61
9702.88
9706.15
9709.42
9712.74
9716.01
9719.28
9722.5
9725.77
9729.04
9732.31
9735.64
9738.91
9742.18
9745.46
9748.67
9751.94
9755.22
9758.55
9761.82
9765.09
9768.36
9771.58
9774.85
9778.13
9781.4
9784.73
9788.01
9791.28
9794.5
9797.77
9801.05
9804.32
9807.66
9810.93
9814.21
9817.48
9820.7
9823.98
9827.25
9830.59
9833.86
9837.14
9840.42
9843.64
9846.92
9850.19
9853.47
9856.81
9860.08
9863.36
9866.58
9869.86
9873.14
9876.42
9879.76
9883.04
9886.31
9889.59
9892.82
9896.1
9899.38
9902.71
9906
9909.28
9912.56
9915.78
9919.06
9922.34
9925.62
9928.96
9932.25
9935.53
9938.75
9942.03
9945.32
9948.6
9951.94
9955.22
9958.51
9961.79
9965.02
9968.3
9971.58
9974.93
9978.21
9981.49
9984.78
9988.01
9991.29
9994.58
9997.92
10001.2
10004.5
10007.8
10011
10014.3
10017.6
10020.9
10024.2
10027.5
10030.8
10034
10037.3
10040.6
10043.9
10047.2
10050.5
10053.8
10057.1
10060.3
10063.6
10066.9
10070.2
10073.5
10076.8
10080.1
10083.3
10086.6
10089.9
10093.2
10096.6
10099.8
10103.1
10106.4
10109.7
10113
10116.2
10119.6
10122.9
10126.2
10129.5
10132.7
10136
10139.3
10142.6
10145.9
10149.2
10152.5
10155.8
10159
10162.3
10165.6
10169
10172.3
10175.6
10178.8
10182.1
10185.4
10188.7
10192.1
10195.3
10198.6
10201.9
10205.2
10208.5
10211.8
10215.1
10218.4
10221.7
10225
10228.3
10231.5
10234.8
10238.1
10241.5
10244.8
10248.1
10251.3
10254.6
10257.9
10261.2
10264.6
10267.9
10271.2
10274.5
10277.7
10281
10284.3
10287.7
10291
10294.3
10297.6
10300.8
10304.1
10307.4
10310.8
10314.1
10317.4
10320.7
10323.9
10327.2
10330.5
10333.8
10337.2
10340.5
10343.8
10347.1
10350.4
10353.7
10357
10360.3
10363.6
10366.9
10370.2
10373.5
10376.8
10380.1
10383.5
10386.8
10390.1
10393.4
10396.6
10399.9
10403.2
10406.5
10409.9
10413.2
10416.5
10419.8
10423.1
10426.4
10429.7
10433.1
10436.4
10439.7
10443
10446.2
10449.5
10452.8
10456.2
10459.5
10462.8
10466.1
10469.4
10472.7
10476
10479.3
10482.7
10486
10489.3
10492.6
10495.9
10499.2
10502.5
10505.9
10509.2
10512.5
10515.8
10519
10522.4
10525.7
10529
10532.3
10535.7
10539
10542.2
10545.5
10548.9
10552.2
10555.5
10558.9
10562.2
10565.4
10568.7
10572
10575.4
10578.7
10582.1
10585.4
10588.7
10591.9
10595.3
10598.6
10601.9
10605.3
10608.6
10611.9
10615.1
10618.5
10621.8
10625.2
10628.5
10631.8
10635.1
10638.4
10641.7
10645
10648.3
10651.7
10655
10658.3
10661.6
10664.9
10668.2
10671.5
10674.9
10678.2
10681.6
10684.9
10688.1
10691.5
10694.8
10698.2
10701.5
10704.8
10708.1
10711.4
10714.7
10718
10721.4
10724.7
10728.1
10731.4
10734.6
10738
10741.3
10744.6
10748
10751.3
10754.6
10758
10761.2
10764.5
10767.9
10771.3
10774.6
10777.9
10781.2
10784.5
10787.8
10791.1
10794.5
10797.8
10801.2
10804.5
10807.8
10811.1
10814.4
10817.7
10821.1
10824.5
10827.8
10831.1
10834.4
10837.7
10841
10844.4
10847.7
10851.1
10854.4
10857.7
10861
10864.3
10867.6
10871
10874.4
